James 76 1 00:20 91,48 81,91
John 23 2 00:30 18,40 73,39
Robert 26 3 00:40 2,99 29,91
Michael 50 1 00:50 2,43 4,35
David 24 2 00:10 38,92 65,76
William 51 3 01:00 34,37 27,19
Richard 47 1 01:00 51,88 87,06
Joseph 35 2 00:20 52,8 3,6
Thomas 53 3 44,37 43,93
Charles 28 1 00:50 3,44 96,07
Christopher 77 2 00:20 79,43 34,39
Daniel 84 3 00:20 62,8
Matthew 36 1 00:50 70,53 1
Anthony 39 2 00:50 66,14 46,09
Mark 18 3 00:10 59,7 97,18
Donald 29 1 00:10 5,24 15,13
Steven  75,57 23,78
Paul 43 3 00:50 61,06 49,33
Kenneth 19 1 00:50 81,4 23,14
Andrew 59 2 00:50 2,81 2,14